Value	R           	G           	B           	
1    	0.2453292496	0.3653084983	0.0861003861	
2    	0.0490045942	0.0961583236	0.0316602317	
3    	0.0052067381	0.0076833527	0.0030888031	
4    	0.0003062787	0.0000000000	0.0003861004	
5    	0.0015313936	0.0000000000	0.0000000000	
6    	0.0000000000	0.0004656577	0.0003861004	
7    	0.0000000000	0.0002328289	0.0003861004	
8    	0.0000000000	0.0000000000	0.0000000000	
9    	0.0000000000	0.0000000000	0.0000000000	
10   	0.0000000000	0.0002328289	0.0000000000	
11   	0.0000000000	0.0002328289	0.0003861004	
12   	0.0000000000	0.0000000000	0.0000000000	
13   	0.0000000000	0.0000000000	0.0000000000	
14   	0.0000000000	0.0000000000	0.0000000000	
15   	0.0006125574	0.0000000000	0.0003861004	
16   	0.0000000000	0.0000000000	0.0000000000	
17   	0.0000000000	0.0004656577	0.0000000000	
18   	0.0000000000	0.0000000000	0.0000000000	
19   	0.0000000000	0.0000000000	0.0003861004	
20   	0.0000000000	0.0000000000	0.0003861004	
21   	0.0000000000	0.0000000000	0.0000000000	
22   	0.0000000000	0.0000000000	0.0015444015	
23   	0.0000000000	0.0000000000	0.0023166023	
24   	0.0000000000	0.0000000000	0.0038610039	
25   	0.0000000000	0.0000000000	0.0104247104	
26   	0.0000000000	0.0000000000	0.0158301158	
27   	0.0003062787	0.0000000000	0.0154440154	
28   	0.0000000000	0.0004656577	0.0208494208	
29   	0.0000000000	0.0000000000	0.0332046332	
30   	0.0000000000	0.0000000000	0.0343629344	
31   	0.0000000000	0.0000000000	0.0405405405	
32   	0.0000000000	0.0000000000	0.0451737452	
33   	0.0000000000	0.0000000000	0.0490347490	
34   	0.0000000000	0.0018626310	0.0559845560	
35   	0.0003062787	0.0020954598	0.0455598456	
36   	0.0000000000	0.0006984866	0.0478764479	
37   	0.0000000000	0.0011641444	0.0474903475	
38   	0.0000000000	0.0009313155	0.0397683398	
39   	0.0000000000	0.0011641444	0.0428571429	
40   	0.0000000000	0.0023282887	0.0505791506	
41   	0.0000000000	0.0009313155	0.0463320463	
42   	0.0000000000	0.0039580908	0.0432432432	
43   	0.0000000000	0.0027939464	0.0374517375	
44   	0.0000000000	0.0039580908	0.0343629344	
45   	0.0000000000	0.0058207218	0.0393822394	
46   	0.0000000000	0.0116414435	0.0185328185	
47   	0.0000000000	0.0118742724	0.0169884170	
48   	0.0000000000	0.0144353900	0.0204633205	
49   	0.0000000000	0.0107101281	0.0046332046	
50   	0.0003062787	0.0076833527	0.0073359073	
51   	0.0000000000	0.0125727590	0.0019305019	
52   	0.0000000000	0.0109429569	0.0027027027	
53   	0.0000000000	0.0100116414	0.0000000000	
54   	0.0000000000	0.0114086147	0.0000000000	
55   	0.0000000000	0.0183934808	0.0000000000	
56   	0.0000000000	0.0167636787	0.0000000000	
57   	0.0000000000	0.0139697322	0.0000000000	
58   	0.0003062787	0.0111757858	0.0000000000	
59   	0.0000000000	0.0176949942	0.0000000000	
60   	0.0000000000	0.0195576251	0.0000000000	
61   	0.0000000000	0.0188591385	0.0000000000	
62   	0.0000000000	0.0186263097	0.0000000000	
63   	0.0000000000	0.0172293364	0.0000000000	
64   	0.0000000000	0.0160651921	0.0000000000	
65   	0.0000000000	0.0151338766	0.0000000000	
66   	0.0000000000	0.0167636787	0.0000000000	
67   	0.0000000000	0.0172293364	0.0000000000	
68   	0.0000000000	0.0132712456	0.0000000000	
69   	0.0000000000	0.0144353900	0.0000000000	
70   	0.0000000000	0.0146682189	0.0000000000	
71   	0.0000000000	0.0158323632	0.0000000000	
72   	0.0000000000	0.0146682189	0.0000000000	
73   	0.0000000000	0.0162980210	0.0000000000	
74   	0.0000000000	0.0183934808	0.0000000000	
75   	0.0000000000	0.0155995343	0.0000000000	
76   	0.0000000000	0.0107101281	0.0000000000	
77   	0.0003062787	0.0107101281	0.0000000000	
78   	0.0000000000	0.0130384168	0.0000000000	
79   	0.0000000000	0.0067520373	0.0000000000	
80   	0.0000000000	0.0051222352	0.0000000000	
81   	0.0000000000	0.0044237485	0.0000000000	
82   	0.0000000000	0.0025611176	0.0000000000	
83   	0.0000000000	0.0016298021	0.0000000000	
84   	0.0000000000	0.0020954598	0.0000000000	
85   	0.0000000000	0.0011641444	0.0000000000	
86   	0.0000000000	0.0006984866	0.0000000000	
87   	0.0000000000	0.0000000000	0.0000000000	
88   	0.0003062787	0.0000000000	0.0000000000	
89   	0.0000000000	0.0000000000	0.0000000000	
90   	0.0000000000	0.0000000000	0.0000000000	
91   	0.0000000000	0.0000000000	0.0000000000	
92   	0.0000000000	0.0000000000	0.0000000000	
93   	0.0000000000	0.0000000000	0.0000000000	
94   	0.0000000000	0.0000000000	0.0000000000	
95   	0.0000000000	0.0000000000	0.0000000000	
96   	0.0000000000	0.0000000000	0.0000000000	
97   	0.0000000000	0.0000000000	0.0000000000	
98   	0.0000000000	0.0000000000	0.0000000000	
99   	0.0000000000	0.0000000000	0.0000000000	
100  	0.0000000000	0.0000000000	0.0000000000	
101  	0.0000000000	0.0000000000	0.0000000000	
102  	0.0000000000	0.0000000000	0.0000000000	
103  	0.0000000000	0.0000000000	0.0000000000	
104  	0.0000000000	0.0000000000	0.0000000000	
105  	0.0000000000	0.0000000000	0.0000000000	
106  	0.0000000000	0.0000000000	0.0000000000	
107  	0.0003062787	0.0000000000	0.0000000000	
108  	0.0000000000	0.0000000000	0.0000000000	
109  	0.0000000000	0.0000000000	0.0000000000	
110  	0.0000000000	0.0000000000	0.0000000000	
111  	0.0000000000	0.0000000000	0.0000000000	
112  	0.0000000000	0.0000000000	0.0000000000	
113  	0.0000000000	0.0000000000	0.0000000000	
114  	0.0000000000	0.0000000000	0.0000000000	
115  	0.0000000000	0.0000000000	0.0000000000	
116  	0.0000000000	0.0000000000	0.0000000000	
117  	0.0000000000	0.0000000000	0.0000000000	
118  	0.0003062787	0.0000000000	0.0000000000	
119  	0.0000000000	0.0000000000	0.0000000000	
120  	0.0000000000	0.0000000000	0.0000000000	
121  	0.0000000000	0.0000000000	0.0000000000	
122  	0.0000000000	0.0000000000	0.0000000000	
123  	0.0000000000	0.0000000000	0.0000000000	
124  	0.0000000000	0.0000000000	0.0000000000	
125  	0.0000000000	0.0000000000	0.0000000000	
126  	0.0000000000	0.0000000000	0.0000000000	
127  	0.0000000000	0.0000000000	0.0000000000	
128  	0.0000000000	0.0000000000	0.0000000000	
129  	0.0000000000	0.0000000000	0.0000000000	
130  	0.0000000000	0.0000000000	0.0000000000	
131  	0.0000000000	0.0000000000	0.0000000000	
132  	0.0000000000	0.0000000000	0.0000000000	
133  	0.0000000000	0.0000000000	0.0000000000	
134  	0.0000000000	0.0000000000	0.0000000000	
135  	0.0000000000	0.0000000000	0.0000000000	
136  	0.0000000000	0.0000000000	0.0000000000	
137  	0.0000000000	0.0000000000	0.0000000000	
138  	0.0003062787	0.0000000000	0.0000000000	
139  	0.0000000000	0.0000000000	0.0000000000	
140  	0.0003062787	0.0000000000	0.0000000000	
141  	0.0000000000	0.0000000000	0.0000000000	
142  	0.0000000000	0.0000000000	0.0000000000	
143  	0.0000000000	0.0000000000	0.0000000000	
144  	0.0000000000	0.0000000000	0.0000000000	
145  	0.0000000000	0.0000000000	0.0000000000	
146  	0.0000000000	0.0000000000	0.0000000000	
147  	0.0000000000	0.0000000000	0.0000000000	
148  	0.0000000000	0.0000000000	0.0000000000	
149  	0.0000000000	0.0000000000	0.0000000000	
150  	0.0000000000	0.0000000000	0.0000000000	
151  	0.0000000000	0.0000000000	0.0000000000	
152  	0.0003062787	0.0000000000	0.0000000000	
153  	0.0000000000	0.0000000000	0.0000000000	
154  	0.0000000000	0.0000000000	0.0000000000	
155  	0.0000000000	0.0000000000	0.0000000000	
156  	0.0000000000	0.0000000000	0.0000000000	
157  	0.0003062787	0.0000000000	0.0000000000	
158  	0.0015313936	0.0000000000	0.0000000000	
159  	0.0009188361	0.0000000000	0.0000000000	
160  	0.0000000000	0.0000000000	0.0000000000	
161  	0.0015313936	0.0000000000	0.0000000000	
162  	0.0000000000	0.0000000000	0.0000000000	
163  	0.0009188361	0.0000000000	0.0000000000	
164  	0.0003062787	0.0000000000	0.0000000000	
165  	0.0024502297	0.0000000000	0.0000000000	
166  	0.0036753446	0.0000000000	0.0000000000	
167  	0.0042879020	0.0000000000	0.0000000000	
168  	0.0015313936	0.0000000000	0.0000000000	
169  	0.0012251149	0.0000000000	0.0000000000	
170  	0.0009188361	0.0000000000	0.0000000000	
171  	0.0006125574	0.0000000000	0.0000000000	
172  	0.0006125574	0.0000000000	0.0000000000	
173  	0.0012251149	0.0000000000	0.0000000000	
174  	0.0021439510	0.0000000000	0.0000000000	
175  	0.0039816233	0.0000000000	0.0000000000	
176  	0.0070444104	0.0000000000	0.0000000000	
177  	0.0058192956	0.0000000000	0.0000000000	
178  	0.0058192956	0.0000000000	0.0000000000	
179  	0.0101071975	0.0000000000	0.0000000000	
180  	0.0070444104	0.0000000000	0.0000000000	
181  	0.0052067381	0.0000000000	0.0000000000	
182  	0.0076569678	0.0000000000	0.0000000000	
183  	0.0091883614	0.0000000000	0.0000000000	
184  	0.0079632466	0.0000000000	0.0000000000	
185  	0.0073506891	0.0000000000	0.0000000000	
186  	0.0070444104	0.0000000000	0.0000000000	
187  	0.0042879020	0.0000000000	0.0000000000	
188  	0.0049004594	0.0000000000	0.0000000000	
189  	0.0058192956	0.0000000000	0.0000000000	
190  	0.0045941807	0.0000000000	0.0000000000	
191  	0.0036753446	0.0000000000	0.0000000000	
192  	0.0045941807	0.0000000000	0.0000000000	
193  	0.0049004594	0.0000000000	0.0000000000	
194  	0.0033690658	0.0000000000	0.0000000000	
195  	0.0045941807	0.0000000000	0.0000000000	
196  	0.0018376723	0.0000000000	0.0000000000	
197  	0.0024502297	0.0000000000	0.0000000000	
198  	0.0027565084	0.0000000000	0.0000000000	
199  	0.0036753446	0.0000000000	0.0000000000	
200  	0.0045941807	0.0000000000	0.0000000000	
201  	0.0076569678	0.0000000000	0.0000000000	
202  	0.0104134763	0.0000000000	0.0000000000	
203  	0.0122511485	0.0000000000	0.0000000000	
204  	0.0122511485	0.0000000000	0.0000000000	
205  	0.0147013783	0.0000000000	0.0000000000	
206  	0.0180704441	0.0000000000	0.0000000000	
207  	0.0159264931	0.0000000000	0.0000000000	
208  	0.0119448698	0.0000000000	0.0000000000	
209  	0.0131699847	0.0000000000	0.0000000000	
210  	0.0134762634	0.0000000000	0.0000000000	
211  	0.0153139357	0.0000000000	0.0000000000	
212  	0.0165390505	0.0000000000	0.0000000000	
213  	0.0122511485	0.0000000000	0.0000000000	
214  	0.0165390505	0.0000000000	0.0000000000	
215  	0.0192955590	0.0000000000	0.0000000000	
216  	0.0214395100	0.0000000000	0.0000000000	
217  	0.0232771822	0.0000000000	0.0000000000	
218  	0.0180704441	0.0000000000	0.0000000000	
219  	0.0125574273	0.0000000000	0.0000000000	
220  	0.0113323124	0.0000000000	0.0000000000	
221  	0.0110260337	0.0000000000	0.0000000000	
222  	0.0168453292	0.0000000000	0.0000000000	
223  	0.0162327718	0.0000000000	0.0000000000	
224  	0.0180704441	0.0000000000	0.0000000000	
225  	0.0128637060	0.0000000000	0.0000000000	
226  	0.0116385911	0.0000000000	0.0000000000	
227  	0.0131699847	0.0000000000	0.0000000000	
228  	0.0104134763	0.0000000000	0.0000000000	
229  	0.0107197550	0.0000000000	0.0000000000	
230  	0.0088820827	0.0000000000	0.0000000000	
231  	0.0122511485	0.0000000000	0.0000000000	
232  	0.0104134763	0.0000000000	0.0000000000	
233  	0.0067381317	0.0000000000	0.0000000000	
234  	0.0064318530	0.0000000000	0.0000000000	
235  	0.0079632466	0.0000000000	0.0000000000	
236  	0.0079632466	0.0000000000	0.0000000000	
237  	0.0094946401	0.0000000000	0.0000000000	
238  	0.0045941807	0.0000000000	0.0000000000	
239  	0.0045941807	0.0000000000	0.0000000000	
240  	0.0045941807	0.0000000000	0.0000000000	
241  	0.0045941807	0.0000000000	0.0000000000	
242  	0.0055130168	0.0000000000	0.0000000000	
243  	0.0045941807	0.0000000000	0.0000000000	
244  	0.0036753446	0.0000000000	0.0000000000	
245  	0.0015313936	0.0000000000	0.0000000000	
246  	0.0027565084	0.0000000000	0.0000000000	
247  	0.0021439510	0.0000000000	0.0000000000	
248  	0.0021439510	0.0000000000	0.0000000000	
249  	0.0012251149	0.0000000000	0.0000000000	
250  	0.0003062787	0.0000000000	0.0000000000	
251  	0.0000000000	0.0000000000	0.0000000000	
252  	0.0000000000	0.0000000000	0.0000000000	
253  	0.0000000000	0.0000000000	0.0000000000	
254  	0.0000000000	0.0000000000	0.0000000000	
255  	0.0000000000	0.0000000000	0.0000000000	
