Value	R           	G           	B           	
1    	0.2553763441	0.3559481743	0.0761205564	
2    	0.0546594982	0.0958775029	0.0401854714	
3    	0.0077658303	0.0106007067	0.0038639876	
4    	0.0005973716	0.0004711425	0.0000000000	
5    	0.0000000000	0.0000000000	0.0003863988	
6    	0.0000000000	0.0004711425	0.0003863988	
7    	0.0002986858	0.0002355713	0.0003863988	
8    	0.0000000000	0.0000000000	0.0007727975	
9    	0.0002986858	0.0000000000	0.0007727975	
10   	0.0000000000	0.0000000000	0.0011591963	
11   	0.0000000000	0.0000000000	0.0034775889	
12   	0.0000000000	0.0000000000	0.0077279753	
13   	0.0000000000	0.0002355713	0.0135239567	
14   	0.0002986858	0.0000000000	0.0212519320	
15   	0.0000000000	0.0000000000	0.0227975270	
16   	0.0000000000	0.0002355713	0.0224111283	
17   	0.0000000000	0.0000000000	0.0231839258	
18   	0.0000000000	0.0000000000	0.0177743431	
19   	0.0000000000	0.0002355713	0.0216383308	
20   	0.0000000000	0.0000000000	0.0266615147	
21   	0.0000000000	0.0004711425	0.0285935085	
22   	0.0000000000	0.0004711425	0.0374806801	
23   	0.0000000000	0.0032979976	0.0421174652	
24   	0.0002986858	0.0025912839	0.0579598145	
25   	0.0002986858	0.0030624264	0.0664605873	
26   	0.0000000000	0.0044758539	0.0707109737	
27   	0.0000000000	0.0037691402	0.0838485317	
28   	0.0000000000	0.0073027091	0.0741885626	
29   	0.0000000000	0.0054181390	0.0707109737	
30   	0.0000000000	0.0089517079	0.0479134467	
31   	0.0000000000	0.0096584217	0.0374806801	
32   	0.0000000000	0.0082449941	0.0289799073	
33   	0.0000000000	0.0106007067	0.0224111283	
34   	0.0000000000	0.0098939929	0.0127511592	
35   	0.0000000000	0.0089517079	0.0046367852	
36   	0.0002986858	0.0141342756	0.0038639876	
37   	0.0000000000	0.0134275618	0.0015455951	
38   	0.0000000000	0.0094228504	0.0011591963	
39   	0.0000000000	0.0068315665	0.0007727975	
40   	0.0000000000	0.0047114252	0.0007727975	
41   	0.0000000000	0.0023557126	0.0000000000	
42   	0.0000000000	0.0035335689	0.0007727975	
43   	0.0000000000	0.0018845701	0.0000000000	
44   	0.0000000000	0.0030624264	0.0000000000	
45   	0.0000000000	0.0028268551	0.0000000000	
46   	0.0000000000	0.0049469965	0.0000000000	
47   	0.0002986858	0.0077738516	0.0000000000	
48   	0.0000000000	0.0096584217	0.0000000000	
49   	0.0000000000	0.0120141343	0.0000000000	
50   	0.0000000000	0.0143698469	0.0000000000	
51   	0.0000000000	0.0164899882	0.0000000000	
52   	0.0000000000	0.0176678445	0.0000000000	
53   	0.0000000000	0.0270906949	0.0000000000	
54   	0.0000000000	0.0280329800	0.0000000000	
55   	0.0000000000	0.0277974087	0.0000000000	
56   	0.0002986858	0.0303886926	0.0000000000	
57   	0.0000000000	0.0282685512	0.0000000000	
58   	0.0000000000	0.0244994111	0.0000000000	
59   	0.0000000000	0.0226148410	0.0000000000	
60   	0.0000000000	0.0212014134	0.0000000000	
61   	0.0000000000	0.0188457008	0.0000000000	
62   	0.0000000000	0.0174322733	0.0000000000	
63   	0.0000000000	0.0113074205	0.0000000000	
64   	0.0000000000	0.0082449941	0.0000000000	
65   	0.0000000000	0.0070671378	0.0000000000	
66   	0.0000000000	0.0056537102	0.0000000000	
67   	0.0000000000	0.0040047114	0.0000000000	
68   	0.0000000000	0.0042402827	0.0000000000	
69   	0.0000000000	0.0035335689	0.0000000000	
70   	0.0000000000	0.0023557126	0.0000000000	
71   	0.0000000000	0.0014134276	0.0000000000	
72   	0.0000000000	0.0004711425	0.0000000000	
73   	0.0002986858	0.0004711425	0.0000000000	
74   	0.0000000000	0.0007067138	0.0000000000	
75   	0.0000000000	0.0002355713	0.0000000000	
76   	0.0000000000	0.0009422850	0.0000000000	
77   	0.0000000000	0.0009422850	0.0000000000	
78   	0.0000000000	0.0009422850	0.0000000000	
79   	0.0000000000	0.0002355713	0.0000000000	
80   	0.0000000000	0.0007067138	0.0000000000	
81   	0.0000000000	0.0000000000	0.0000000000	
82   	0.0000000000	0.0007067138	0.0000000000	
83   	0.0002986858	0.0002355713	0.0000000000	
84   	0.0000000000	0.0002355713	0.0000000000	
85   	0.0000000000	0.0002355713	0.0000000000	
86   	0.0000000000	0.0002355713	0.0000000000	
87   	0.0000000000	0.0000000000	0.0000000000	
88   	0.0000000000	0.0000000000	0.0000000000	
89   	0.0000000000	0.0002355713	0.0000000000	
90   	0.0002986858	0.0007067138	0.0000000000	
91   	0.0000000000	0.0002355713	0.0000000000	
92   	0.0000000000	0.0004711425	0.0000000000	
93   	0.0000000000	0.0002355713	0.0000000000	
94   	0.0000000000	0.0000000000	0.0000000000	
95   	0.0000000000	0.0000000000	0.0000000000	
96   	0.0000000000	0.0000000000	0.0000000000	
97   	0.0000000000	0.0000000000	0.0000000000	
98   	0.0000000000	0.0000000000	0.0000000000	
99   	0.0000000000	0.0000000000	0.0000000000	
100  	0.0000000000	0.0000000000	0.0000000000	
101  	0.0000000000	0.0000000000	0.0000000000	
102  	0.0000000000	0.0000000000	0.0000000000	
103  	0.0000000000	0.0000000000	0.0000000000	
104  	0.0002986858	0.0000000000	0.0000000000	
105  	0.0000000000	0.0000000000	0.0000000000	
106  	0.0000000000	0.0000000000	0.0000000000	
107  	0.0000000000	0.0000000000	0.0000000000	
108  	0.0000000000	0.0000000000	0.0000000000	
109  	0.0000000000	0.0000000000	0.0000000000	
110  	0.0000000000	0.0000000000	0.0000000000	
111  	0.0000000000	0.0000000000	0.0000000000	
112  	0.0000000000	0.0000000000	0.0000000000	
113  	0.0000000000	0.0000000000	0.0000000000	
114  	0.0002986858	0.0000000000	0.0000000000	
115  	0.0008960573	0.0000000000	0.0000000000	
116  	0.0005973716	0.0000000000	0.0000000000	
117  	0.0008960573	0.0000000000	0.0000000000	
118  	0.0005973716	0.0000000000	0.0000000000	
119  	0.0002986858	0.0000000000	0.0000000000	
120  	0.0029868578	0.0000000000	0.0000000000	
121  	0.0011947431	0.0000000000	0.0000000000	
122  	0.0023894863	0.0000000000	0.0000000000	
123  	0.0020908005	0.0000000000	0.0000000000	
124  	0.0029868578	0.0000000000	0.0000000000	
125  	0.0026881720	0.0000000000	0.0000000000	
126  	0.0014934289	0.0000000000	0.0000000000	
127  	0.0029868578	0.0000000000	0.0000000000	
128  	0.0032855436	0.0000000000	0.0000000000	
129  	0.0011947431	0.0000000000	0.0000000000	
130  	0.0014934289	0.0000000000	0.0000000000	
131  	0.0014934289	0.0000000000	0.0000000000	
132  	0.0014934289	0.0000000000	0.0000000000	
133  	0.0011947431	0.0000000000	0.0000000000	
134  	0.0008960573	0.0000000000	0.0000000000	
135  	0.0008960573	0.0000000000	0.0000000000	
136  	0.0026881720	0.0000000000	0.0000000000	
137  	0.0020908005	0.0000000000	0.0000000000	
138  	0.0014934289	0.0000000000	0.0000000000	
139  	0.0005973716	0.0000000000	0.0000000000	
140  	0.0011947431	0.0000000000	0.0000000000	
141  	0.0017921147	0.0000000000	0.0000000000	
142  	0.0044802867	0.0000000000	0.0000000000	
143  	0.0047789725	0.0000000000	0.0000000000	
144  	0.0053763441	0.0000000000	0.0000000000	
145  	0.0032855436	0.0000000000	0.0000000000	
146  	0.0020908005	0.0000000000	0.0000000000	
147  	0.0017921147	0.0000000000	0.0000000000	
148  	0.0026881720	0.0000000000	0.0000000000	
149  	0.0014934289	0.0000000000	0.0000000000	
150  	0.0026881720	0.0000000000	0.0000000000	
151  	0.0014934289	0.0000000000	0.0000000000	
152  	0.0020908005	0.0000000000	0.0000000000	
153  	0.0029868578	0.0000000000	0.0000000000	
154  	0.0032855436	0.0000000000	0.0000000000	
155  	0.0029868578	0.0000000000	0.0000000000	
156  	0.0014934289	0.0000000000	0.0000000000	
157  	0.0014934289	0.0000000000	0.0000000000	
158  	0.0005973716	0.0000000000	0.0000000000	
159  	0.0008960573	0.0000000000	0.0000000000	
160  	0.0005973716	0.0000000000	0.0000000000	
161  	0.0011947431	0.0000000000	0.0000000000	
162  	0.0005973716	0.0000000000	0.0000000000	
163  	0.0002986858	0.0000000000	0.0000000000	
164  	0.0011947431	0.0000000000	0.0000000000	
165  	0.0017921147	0.0000000000	0.0000000000	
166  	0.0026881720	0.0000000000	0.0000000000	
167  	0.0068697730	0.0000000000	0.0000000000	
168  	0.0089605735	0.0000000000	0.0000000000	
169  	0.0053763441	0.0000000000	0.0000000000	
170  	0.0056750299	0.0000000000	0.0000000000	
171  	0.0041816010	0.0000000000	0.0000000000	
172  	0.0032855436	0.0000000000	0.0000000000	
173  	0.0014934289	0.0000000000	0.0000000000	
174  	0.0023894863	0.0000000000	0.0000000000	
175  	0.0023894863	0.0000000000	0.0000000000	
176  	0.0035842294	0.0000000000	0.0000000000	
177  	0.0065710872	0.0000000000	0.0000000000	
178  	0.0026881720	0.0000000000	0.0000000000	
179  	0.0032855436	0.0000000000	0.0000000000	
180  	0.0035842294	0.0000000000	0.0000000000	
181  	0.0023894863	0.0000000000	0.0000000000	
182  	0.0035842294	0.0000000000	0.0000000000	
183  	0.0023894863	0.0000000000	0.0000000000	
184  	0.0035842294	0.0000000000	0.0000000000	
185  	0.0035842294	0.0000000000	0.0000000000	
186  	0.0020908005	0.0000000000	0.0000000000	
187  	0.0065710872	0.0000000000	0.0000000000	
188  	0.0035842294	0.0000000000	0.0000000000	
189  	0.0044802867	0.0000000000	0.0000000000	
190  	0.0047789725	0.0000000000	0.0000000000	
191  	0.0080645161	0.0000000000	0.0000000000	
192  	0.0068697730	0.0000000000	0.0000000000	
193  	0.0035842294	0.0000000000	0.0000000000	
194  	0.0038829152	0.0000000000	0.0000000000	
195  	0.0038829152	0.0000000000	0.0000000000	
196  	0.0044802867	0.0000000000	0.0000000000	
197  	0.0095579450	0.0000000000	0.0000000000	
198  	0.0092592593	0.0000000000	0.0000000000	
199  	0.0110513740	0.0000000000	0.0000000000	
200  	0.0116487455	0.0000000000	0.0000000000	
201  	0.0152329749	0.0000000000	0.0000000000	
202  	0.0170250896	0.0000000000	0.0000000000	
203  	0.0140382318	0.0000000000	0.0000000000	
204  	0.0173237754	0.0000000000	0.0000000000	
205  	0.0161290323	0.0000000000	0.0000000000	
206  	0.0152329749	0.0000000000	0.0000000000	
207  	0.0161290323	0.0000000000	0.0000000000	
208  	0.0170250896	0.0000000000	0.0000000000	
209  	0.0277777778	0.0000000000	0.0000000000	
210  	0.0262843489	0.0000000000	0.0000000000	
211  	0.0253882915	0.0000000000	0.0000000000	
212  	0.0238948626	0.0000000000	0.0000000000	
213  	0.0271804062	0.0000000000	0.0000000000	
214  	0.0292712067	0.0000000000	0.0000000000	
215  	0.0262843489	0.0000000000	0.0000000000	
216  	0.0197132616	0.0000000000	0.0000000000	
217  	0.0131421744	0.0000000000	0.0000000000	
218  	0.0128434886	0.0000000000	0.0000000000	
219  	0.0128434886	0.0000000000	0.0000000000	
220  	0.0080645161	0.0000000000	0.0000000000	
221  	0.0065710872	0.0000000000	0.0000000000	
222  	0.0062724014	0.0000000000	0.0000000000	
223  	0.0059737157	0.0000000000	0.0000000000	
224  	0.0035842294	0.0000000000	0.0000000000	
225  	0.0032855436	0.0000000000	0.0000000000	
226  	0.0011947431	0.0000000000	0.0000000000	
227  	0.0011947431	0.0000000000	0.0000000000	
228  	0.0005973716	0.0000000000	0.0000000000	
229  	0.0000000000	0.0000000000	0.0000000000	
230  	0.0000000000	0.0000000000	0.0000000000	
231  	0.0000000000	0.0000000000	0.0000000000	
232  	0.0000000000	0.0000000000	0.0000000000	
233  	0.0000000000	0.0000000000	0.0000000000	
234  	0.0000000000	0.0000000000	0.0000000000	
235  	0.0000000000	0.0000000000	0.0000000000	
236  	0.0000000000	0.0000000000	0.0000000000	
237  	0.0000000000	0.0000000000	0.0000000000	
238  	0.0000000000	0.0000000000	0.0000000000	
239  	0.0000000000	0.0000000000	0.0000000000	
240  	0.0000000000	0.0000000000	0.0000000000	
241  	0.0000000000	0.0000000000	0.0000000000	
242  	0.0000000000	0.0000000000	0.0000000000	
243  	0.0000000000	0.0000000000	0.0000000000	
244  	0.0000000000	0.0000000000	0.0000000000	
245  	0.0000000000	0.0000000000	0.0000000000	
246  	0.0000000000	0.0000000000	0.0000000000	
247  	0.0000000000	0.0000000000	0.0000000000	
248  	0.0000000000	0.0000000000	0.0000000000	
249  	0.0000000000	0.0000000000	0.0000000000	
250  	0.0000000000	0.0000000000	0.0000000000	
251  	0.0000000000	0.0000000000	0.0000000000	
252  	0.0000000000	0.0000000000	0.0000000000	
253  	0.0000000000	0.0000000000	0.0000000000	
254  	0.0000000000	0.0000000000	0.0000000000	
255  	0.0000000000	0.0000000000	0.0000000000	
