Value	R           	G           	B           	
1    	0.2742076185	0.3620247259	0.1121256392	
2    	0.0537947078	0.0956379753	0.0474799123	
3    	0.0075603373	0.0095637975	0.0069393718	
4    	0.0005815644	0.0004665267	0.0010956903	
5    	0.0002907822	0.0002332634	0.0000000000	
6    	0.0002907822	0.0000000000	0.0000000000	
7    	0.0000000000	0.0004665267	0.0003652301	
8    	0.0000000000	0.0000000000	0.0000000000	
9    	0.0002907822	0.0000000000	0.0003652301	
10   	0.0000000000	0.0000000000	0.0000000000	
11   	0.0000000000	0.0002332634	0.0003652301	
12   	0.0000000000	0.0000000000	0.0003652301	
13   	0.0000000000	0.0000000000	0.0000000000	
14   	0.0000000000	0.0002332634	0.0000000000	
15   	0.0002907822	0.0000000000	0.0000000000	
16   	0.0002907822	0.0000000000	0.0000000000	
17   	0.0000000000	0.0000000000	0.0003652301	
18   	0.0000000000	0.0000000000	0.0000000000	
19   	0.0000000000	0.0002332634	0.0000000000	
20   	0.0000000000	0.0002332634	0.0007304602	
21   	0.0000000000	0.0000000000	0.0018261505	
22   	0.0000000000	0.0000000000	0.0032870709	
23   	0.0000000000	0.0000000000	0.0087655223	
24   	0.0000000000	0.0000000000	0.0142439737	
25   	0.0000000000	0.0000000000	0.0204528853	
26   	0.0000000000	0.0000000000	0.0292184076	
27   	0.0000000000	0.0000000000	0.0281227173	
28   	0.0000000000	0.0002332634	0.0332359386	
29   	0.0002907822	0.0000000000	0.0361577794	
30   	0.0000000000	0.0000000000	0.0361577794	
31   	0.0000000000	0.0002332634	0.0325054785	
32   	0.0002907822	0.0000000000	0.0266617969	
33   	0.0000000000	0.0000000000	0.0306793280	
34   	0.0000000000	0.0000000000	0.0288531775	
35   	0.0000000000	0.0000000000	0.0244704164	
36   	0.0000000000	0.0000000000	0.0284879474	
37   	0.0000000000	0.0002332634	0.0332359386	
38   	0.0000000000	0.0002332634	0.0346968590	
39   	0.0000000000	0.0004665267	0.0416362308	
40   	0.0000000000	0.0018661068	0.0361577794	
41   	0.0000000000	0.0025658969	0.0244704164	
42   	0.0000000000	0.0058315839	0.0259313367	
43   	0.0002907822	0.0067646373	0.0193571950	
44   	0.0000000000	0.0095637975	0.0288531775	
45   	0.0000000000	0.0093305342	0.0248356465	
46   	0.0000000000	0.0079309540	0.0295836377	
47   	0.0000000000	0.0107301143	0.0292184076	
48   	0.0000000000	0.0095637975	0.0339663988	
49   	0.0000000000	0.0086307441	0.0237399562	
50   	0.0000000000	0.0081642174	0.0168005844	
51   	0.0000000000	0.0114299044	0.0146092038	
52   	0.0000000000	0.0090972708	0.0102264427	
53   	0.0000000000	0.0111966410	0.0076698320	
54   	0.0000000000	0.0130627478	0.0040175310	
55   	0.0000000000	0.0125962211	0.0036523009	
56   	0.0000000000	0.0109633777	0.0025566107	
57   	0.0000000000	0.0121296944	0.0003652301	
58   	0.0002907822	0.0128294845	0.0000000000	
59   	0.0000000000	0.0156286447	0.0000000000	
60   	0.0002907822	0.0114299044	0.0000000000	
61   	0.0000000000	0.0102635876	0.0000000000	
62   	0.0000000000	0.0137625379	0.0000000000	
63   	0.0000000000	0.0116631677	0.0003652301	
64   	0.0000000000	0.0062981106	0.0000000000	
65   	0.0000000000	0.0088640075	0.0000000000	
66   	0.0000000000	0.0086307441	0.0003652301	
67   	0.0000000000	0.0046652671	0.0000000000	
68   	0.0000000000	0.0076976907	0.0000000000	
69   	0.0000000000	0.0062981106	0.0000000000	
70   	0.0000000000	0.0067646373	0.0000000000	
71   	0.0000000000	0.0069979006	0.0000000000	
72   	0.0000000000	0.0051317938	0.0000000000	
73   	0.0000000000	0.0048985304	0.0000000000	
74   	0.0000000000	0.0062981106	0.0000000000	
75   	0.0000000000	0.0083974808	0.0000000000	
76   	0.0000000000	0.0055983205	0.0000000000	
77   	0.0000000000	0.0083974808	0.0000000000	
78   	0.0000000000	0.0074644273	0.0000000000	
79   	0.0002907822	0.0132960112	0.0000000000	
80   	0.0002907822	0.0097970609	0.0000000000	
81   	0.0000000000	0.0111966410	0.0000000000	
82   	0.0000000000	0.0132960112	0.0000000000	
83   	0.0000000000	0.0116631677	0.0000000000	
84   	0.0000000000	0.0146955913	0.0000000000	
85   	0.0000000000	0.0109633777	0.0000000000	
86   	0.0000000000	0.0095637975	0.0000000000	
87   	0.0000000000	0.0081642174	0.0000000000	
88   	0.0000000000	0.0076976907	0.0000000000	
89   	0.0000000000	0.0111966410	0.0000000000	
90   	0.0000000000	0.0100303242	0.0000000000	
91   	0.0002907822	0.0086307441	0.0000000000	
92   	0.0000000000	0.0081642174	0.0000000000	
93   	0.0000000000	0.0058315839	0.0000000000	
94   	0.0000000000	0.0055983205	0.0000000000	
95   	0.0002907822	0.0051317938	0.0000000000	
96   	0.0000000000	0.0058315839	0.0000000000	
97   	0.0000000000	0.0032656870	0.0000000000	
98   	0.0000000000	0.0044320037	0.0000000000	
99   	0.0000000000	0.0020993702	0.0000000000	
100  	0.0000000000	0.0032656870	0.0000000000	
101  	0.0000000000	0.0016328435	0.0000000000	
102  	0.0002907822	0.0011663168	0.0000000000	
103  	0.0000000000	0.0009330534	0.0000000000	
104  	0.0000000000	0.0004665267	0.0000000000	
105  	0.0002907822	0.0009330534	0.0000000000	
106  	0.0000000000	0.0002332634	0.0000000000	
107  	0.0000000000	0.0002332634	0.0000000000	
108  	0.0000000000	0.0000000000	0.0000000000	
109  	0.0000000000	0.0000000000	0.0000000000	
110  	0.0008723466	0.0002332634	0.0000000000	
111  	0.0000000000	0.0000000000	0.0000000000	
112  	0.0002907822	0.0000000000	0.0000000000	
113  	0.0005815644	0.0000000000	0.0000000000	
114  	0.0017446932	0.0000000000	0.0000000000	
115  	0.0037801687	0.0000000000	0.0000000000	
116  	0.0011631288	0.0000000000	0.0000000000	
117  	0.0023262576	0.0000000000	0.0000000000	
118  	0.0023262576	0.0000000000	0.0000000000	
119  	0.0008723466	0.0000000000	0.0000000000	
120  	0.0014539110	0.0000000000	0.0000000000	
121  	0.0029078220	0.0000000000	0.0000000000	
122  	0.0052340797	0.0000000000	0.0000000000	
123  	0.0049432975	0.0000000000	0.0000000000	
124  	0.0052340797	0.0000000000	0.0000000000	
125  	0.0037801687	0.0000000000	0.0000000000	
126  	0.0034893864	0.0000000000	0.0000000000	
127  	0.0014539110	0.0000000000	0.0000000000	
128  	0.0017446932	0.0000000000	0.0000000000	
129  	0.0011631288	0.0000000000	0.0000000000	
130  	0.0023262576	0.0000000000	0.0000000000	
131  	0.0029078220	0.0000000000	0.0000000000	
132  	0.0014539110	0.0000000000	0.0000000000	
133  	0.0049432975	0.0000000000	0.0000000000	
134  	0.0031986042	0.0000000000	0.0000000000	
135  	0.0026170398	0.0000000000	0.0000000000	
136  	0.0055248619	0.0000000000	0.0000000000	
137  	0.0043617331	0.0000000000	0.0000000000	
138  	0.0029078220	0.0000000000	0.0000000000	
139  	0.0037801687	0.0000000000	0.0000000000	
140  	0.0029078220	0.0000000000	0.0000000000	
141  	0.0058156441	0.0000000000	0.0000000000	
142  	0.0093050305	0.0000000000	0.0000000000	
143  	0.0026170398	0.0000000000	0.0000000000	
144  	0.0040709509	0.0000000000	0.0000000000	
145  	0.0040709509	0.0000000000	0.0000000000	
146  	0.0058156441	0.0000000000	0.0000000000	
147  	0.0052340797	0.0000000000	0.0000000000	
148  	0.0052340797	0.0000000000	0.0000000000	
149  	0.0052340797	0.0000000000	0.0000000000	
150  	0.0072695551	0.0000000000	0.0000000000	
151  	0.0043617331	0.0000000000	0.0000000000	
152  	0.0052340797	0.0000000000	0.0000000000	
153  	0.0046525153	0.0000000000	0.0000000000	
154  	0.0049432975	0.0000000000	0.0000000000	
155  	0.0078511195	0.0000000000	0.0000000000	
156  	0.0119220704	0.0000000000	0.0000000000	
157  	0.0148298924	0.0000000000	0.0000000000	
158  	0.0113405060	0.0000000000	0.0000000000	
159  	0.0139575458	0.0000000000	0.0000000000	
160  	0.0095958127	0.0000000000	0.0000000000	
161  	0.0113405060	0.0000000000	0.0000000000	
162  	0.0090142483	0.0000000000	0.0000000000	
163  	0.0113405060	0.0000000000	0.0000000000	
164  	0.0098865949	0.0000000000	0.0000000000	
165  	0.0125036348	0.0000000000	0.0000000000	
166  	0.0139575458	0.0000000000	0.0000000000	
167  	0.0151206746	0.0000000000	0.0000000000	
168  	0.0122128526	0.0000000000	0.0000000000	
169  	0.0119220704	0.0000000000	0.0000000000	
170  	0.0104681593	0.0000000000	0.0000000000	
171  	0.0090142483	0.0000000000	0.0000000000	
172  	0.0061064263	0.0000000000	0.0000000000	
173  	0.0066879907	0.0000000000	0.0000000000	
174  	0.0078511195	0.0000000000	0.0000000000	
175  	0.0101773771	0.0000000000	0.0000000000	
176  	0.0090142483	0.0000000000	0.0000000000	
177  	0.0084326839	0.0000000000	0.0000000000	
178  	0.0125036348	0.0000000000	0.0000000000	
179  	0.0119220704	0.0000000000	0.0000000000	
180  	0.0090142483	0.0000000000	0.0000000000	
181  	0.0107589416	0.0000000000	0.0000000000	
182  	0.0090142483	0.0000000000	0.0000000000	
183  	0.0104681593	0.0000000000	0.0000000000	
184  	0.0130851992	0.0000000000	0.0000000000	
185  	0.0139575458	0.0000000000	0.0000000000	
186  	0.0122128526	0.0000000000	0.0000000000	
187  	0.0145391102	0.0000000000	0.0000000000	
188  	0.0154114568	0.0000000000	0.0000000000	
189  	0.0186100611	0.0000000000	0.0000000000	
190  	0.0119220704	0.0000000000	0.0000000000	
191  	0.0174469322	0.0000000000	0.0000000000	
192  	0.0194824077	0.0000000000	0.0000000000	
193  	0.0165745856	0.0000000000	0.0000000000	
194  	0.0095958127	0.0000000000	0.0000000000	
195  	0.0087234661	0.0000000000	0.0000000000	
196  	0.0063972085	0.0000000000	0.0000000000	
197  	0.0058156441	0.0000000000	0.0000000000	
198  	0.0026170398	0.0000000000	0.0000000000	
199  	0.0026170398	0.0000000000	0.0000000000	
200  	0.0011631288	0.0000000000	0.0000000000	
201  	0.0023262576	0.0000000000	0.0000000000	
202  	0.0000000000	0.0000000000	0.0000000000	
203  	0.0011631288	0.0000000000	0.0000000000	
204  	0.0008723466	0.0000000000	0.0000000000	
205  	0.0000000000	0.0000000000	0.0000000000	
206  	0.0000000000	0.0000000000	0.0000000000	
207  	0.0000000000	0.0000000000	0.0000000000	
208  	0.0000000000	0.0000000000	0.0000000000	
209  	0.0000000000	0.0000000000	0.0000000000	
210  	0.0000000000	0.0000000000	0.0000000000	
211  	0.0000000000	0.0000000000	0.0000000000	
212  	0.0000000000	0.0000000000	0.0000000000	
213  	0.0000000000	0.0000000000	0.0000000000	
214  	0.0000000000	0.0000000000	0.0000000000	
215  	0.0000000000	0.0000000000	0.0000000000	
216  	0.0000000000	0.0000000000	0.0000000000	
217  	0.0000000000	0.0000000000	0.0000000000	
218  	0.0000000000	0.0000000000	0.0000000000	
219  	0.0000000000	0.0000000000	0.0000000000	
220  	0.0000000000	0.0000000000	0.0000000000	
221  	0.0000000000	0.0000000000	0.0000000000	
222  	0.0000000000	0.0000000000	0.0000000000	
223  	0.0000000000	0.0000000000	0.0000000000	
224  	0.0000000000	0.0000000000	0.0000000000	
225  	0.0000000000	0.0000000000	0.0000000000	
226  	0.0000000000	0.0000000000	0.0000000000	
227  	0.0000000000	0.0000000000	0.0000000000	
228  	0.0000000000	0.0000000000	0.0000000000	
229  	0.0000000000	0.0000000000	0.0000000000	
230  	0.0000000000	0.0000000000	0.0000000000	
231  	0.0000000000	0.0000000000	0.0000000000	
232  	0.0000000000	0.0000000000	0.0000000000	
233  	0.0000000000	0.0000000000	0.0000000000	
234  	0.0000000000	0.0000000000	0.0000000000	
235  	0.0000000000	0.0000000000	0.0000000000	
236  	0.0000000000	0.0000000000	0.0000000000	
237  	0.0000000000	0.0000000000	0.0000000000	
238  	0.0000000000	0.0000000000	0.0000000000	
239  	0.0000000000	0.0000000000	0.0000000000	
240  	0.0000000000	0.0000000000	0.0000000000	
241  	0.0000000000	0.0000000000	0.0000000000	
242  	0.0000000000	0.0000000000	0.0000000000	
243  	0.0000000000	0.0000000000	0.0000000000	
244  	0.0000000000	0.0000000000	0.0000000000	
245  	0.0000000000	0.0000000000	0.0000000000	
246  	0.0000000000	0.0000000000	0.0000000000	
247  	0.0000000000	0.0000000000	0.0000000000	
248  	0.0000000000	0.0000000000	0.0000000000	
249  	0.0000000000	0.0000000000	0.0000000000	
250  	0.0000000000	0.0000000000	0.0000000000	
251  	0.0000000000	0.0000000000	0.0000000000	
252  	0.0000000000	0.0000000000	0.0000000000	
253  	0.0000000000	0.0000000000	0.0000000000	
254  	0.0000000000	0.0000000000	0.0000000000	
255  	0.0000000000	0.0000000000	0.0000000000	
